0.00100027	6834.63
0.00100356	6834.85
0.00100684	6835.17
0.00101013	6835.6
0.00101342	6836.14
0.0010167	6836.78
0.00101999	6837.52
0.00102327	6838.36
0.00102656	6839.31
0.00102985	6840.35
0.00103313	6841.49
0.00103642	6842.73
0.0010397	6844.07
0.00104299	6845.51
0.00104628	6847.04
0.00104956	6848.66
0.00104956	6848.66
0.00105307	6850.49
0.00105657	6852.43
0.00106008	6854.48
0.00106359	6856.62
0.00106709	6858.87
0.0010706	6861.22
0.0010741	6863.67
0.00107761	6866.21
0.00108111	6868.86
0.00108462	6871.6
0.00108812	6874.43
0.00109163	6877.36
0.00109514	6880.38
0.00109864	6883.49
0.00110215	6886.7
0.00110565	6889.99
0.00110916	6893.37
0.00111266	6896.84
0.00111617	6900.4
0.00111967	6904.04
0.00112341	6908.02
0.00112715	6912.09
0.00113089	6916.26
0.00113463	6920.51
0.00113837	6924.86
0.00114211	6929.3
0.00114585	6933.83
0.00114959	6938.44
0.00115333	6943.14
0.00115707	6947.92
0.00116081	6952.79
0.00116455	6957.73
0.00116829	6962.76
0.00117203	6967.87
0.00117577	6973.06
0.00117951	6978.32
0.00118325	6983.66
0.00118699	6989.07
0.00119073	6994.56
0.00119447	7000.12
0.00119846	7006.13
0.00120245	7012.21
0.00120644	7018.37
0.00121043	7024.61
0.00121442	7030.92
0.00121841	7037.3
0.0012224	7043.76
0.00122639	7050.28
0.00123038	7056.86
0.00123437	7063.51
0.00123835	7070.22
0.00124234	7076.99
0.00124633	7083.82
0.00125032	7090.71
0.00125431	7097.65
0.0012583	7104.65
0.00126229	7111.7
0.00126628	7118.79
0.00127027	7125.94
0.00127426	7133.13
0.00127426	7133.13
0.00127852	7140.85
0.00128277	7148.61
0.00128703	7156.43
0.00129129	7164.29
0.00129554	7172.2
0.0012998	7180.15
0.00130405	7188.14
0.00130831	7196.18
0.00131257	7204.25
0.00131682	7212.36
0.00132108	7220.51
0.00132533	7228.7
0.00132959	7236.92
0.00133385	7245.17
0.0013381	7253.46
0.00134236	7261.77
0.00134661	7270.12
0.00135087	7278.49
0.00135513	7286.9
0.00135938	7295.32
0.00135938	7295.32
0.00136392	7304.34
0.00136846	7313.38
0.001373	7322.46
0.00137754	7331.56
0.00138208	7340.69
0.00138663	7349.84
0.00139117	7359.03
0.00139571	7368.24
0.00140025	7377.49
0.00140479	7386.76
0.00140933	7396.06
0.00141387	7405.39
0.00141841	7414.74
0.00142295	7424.13
0.00142749	7433.55
0.00143203	7443
0.00143657	7452.47
0.00144111	7461.98
0.00144565	7471.52
0.00145019	7481.08
0.00145503	7491.32
0.00145988	7501.59
0.00146472	7511.9
0.00146957	7522.24
0.00147441	7532.62
0.00147925	7543.02
0.0014841	7553.46
0.00148894	7563.94
0.00149378	7574.44
0.00149863	7584.98
0.00150347	7595.55
0.00150832	7606.15
0.00151316	7616.79
0.001518	7627.45
0.00152285	7638.15
0.00152769	7648.88
0.00153253	7659.64
0.00153738	7670.43
0.00154222	7681.25
0.00154706	7692.1
0.00155223	7703.71
0.0015574	7715.35
0.00156257	7727.02
0.00156773	7738.73
0.0015729	7750.48
0.00157807	7762.25
0.00158324	7774.06
0.0015884	7785.91
0.00159357	7797.78
0.00159874	7809.69
0.0016039	7821.63
0.00160907	7833.6
0.00161424	7845.6
0.00161941	7857.64
0.00162457	7869.71
0.00162974	7881.8
0.00163491	7893.93
0.00164008	7906.09
0.00164524	7918.29
0.00165041	7930.51
0.00165592	7943.58
0.00166144	7956.69
0.00166695	7969.83
0.00167246	7983
0.00167797	7996.21
0.00168348	8009.45
0.001689	8022.73
0.00169451	8036.04
0.00170002	8049.38
0.00170553	8062.75
0.00171105	8076.15
0.00171656	8089.59
0.00172207	8103.05
0.00172758	8116.55
0.0017331	8130.08
0.00173861	8143.64
0.00174412	8157.23
0.00174963	8170.84
0.00175515	8184.49
0.00176066	8198.17
0.00176654	8212.79
0.00177242	8227.45
0.0017783	8242.13
0.00178418	8256.85
0.00179006	8271.6
0.00179594	8286.38
0.00180182	8301.2
0.0018077	8316.04
0.00181359	8330.91
0.00181947	8345.81
0.00182535	8360.74
0.00183123	8375.7
0.00183711	8390.69
0.00184299	8405.7
0.00184887	8420.74
0.00185475	8435.81
0.00186063	8450.9
0.00186651	8466.02
0.00187239	8481.17
0.00187827	8496.34
0.00187827	8496.34
0.00188455	8512.56
0.00189082	8528.8
0.00189709	8545.06
0.00190337	8561.36
0.00190964	8577.68
0.00191591	8594.03
0.00192219	8610.4
0.00192846	8626.79
0.00193473	8643.21
0.00194101	8659.66
0.00194728	8676.12
0.00195355	8692.61
0.00195983	8709.12
0.0019661	8725.66
0.00197238	8742.21
0.00197865	8758.78
0.00198492	8775.37
0.0019912	8791.99
0.00199747	8808.62
0.00200374	8825.26
0.00200374	8825.26
0.00201044	8843.04
0.00201713	8860.84
0.00202382	8878.66
0.00203051	8896.49
0.00203721	8914.35
0.0020439	8932.21
0.00205059	8950.09
0.00205728	8967.99
0.00206398	8985.89
0.00207067	9003.81
0.00207736	9021.74
0.00208405	9039.68
0.00209075	9057.63
0.00209744	9075.59
0.00210413	9093.56
0.00211082	9111.53
0.00211752	9129.51
0.00212421	9147.49
0.0021309	9165.48
0.00213759	9183.47
0.00214473	9202.66
0.00215187	9221.86
0.00215901	9241.05
0.00216615	9260.25
0.00217329	9279.45
0.00218043	9298.65
0.00218757	9317.85
0.00219471	9337.05
0.00220185	9356.25
0.00220899	9375.45
0.00221613	9394.65
0.00222327	9413.84
0.00223041	9433.03
0.00223755	9452.22
0.00224469	9471.41
0.00225183	9490.6
0.00225897	9509.78
0.00226611	9528.95
0.00227325	9548.12
0.00228039	9567.29
0.002288	9587.73
0.00229562	9608.17
0.00230324	9628.6
0.00231085	9649.02
0.00231847	9669.44
0.00232609	9689.85
0.0023337	9710.26
0.00234132	9730.66
0.00234894	9751.05
0.00235655	9771.44
0.00236417	9791.82
0.00237179	9812.19
0.0023794	9832.56
0.00238702	9852.92
0.00239464	9873.27
0.00240225	9893.62
0.00240987	9913.96
0.00241749	9934.3
0.0024251	9954.63
0.00243272	9974.95
0.00243272	9974.95
0.00244085	9996.62
0.00244897	10018.3
0.0024571	10039.9
0.00246522	10061.6
0.00247335	10083.2
0.00248147	10104.9
0.0024896	10126.5
0.00249772	10148.1
0.00250585	10169.7
0.00251397	10191.3
0.0025221	10212.9
0.00253022	10234.5
0.00253835	10256
0.00254648	10277.6
0.0025546	10299.1
0.00256273	10320.7
0.00257085	10342.2
0.00257898	10363.7
0.0025871	10385.2
0.00259523	10406.7
0.0026039	10429.6
0.00261256	10452.5
0.00262123	10475.4
0.0026299	10498.3
0.00263857	10521.2
0.00264724	10544.1
0.0026559	10566.9
0.00266457	10589.7
0.00267324	10612.6
0.00268191	10635.4
0.00269058	10658.2
0.00269925	10680.9
0.00270791	10703.7
0.00271658	10726.5
0.00272525	10749.2
0.00273392	10771.9
0.00274259	10794.6
0.00275125	10817.3
0.00275992	10840
0.00276859	10862.7
0.00277784	10886.8
0.00278709	10911
0.00279633	10935.1
0.00280558	10959.2
0.00281483	10983.3
0.00282407	11007.4
0.00283332	11031.5
0.00284257	11055.5
0.00285182	11079.6
0.00286106	11103.6
0.00287031	11127.6
0.00287956	11151.6
0.0028888	11175.5
0.00289805	11199.5
0.0029073	11223.4
0.00291655	11247.3
0.00292579	11271.2
0.00293504	11295
0.00294429	11318.9
0.00295354	11342.7
0.0029634	11368.1
0.00297326	11393.5
0.00298313	11418.9
0.00299299	11444.2
0.00300286	11469.5
0.00301272	11494.8
0.00302259	11520.1
0.00303245	11545.3
0.00304232	11570.6
0.00305218	11595.8
0.00306205	11620.9
0.00307191	11646.1
0.00308178	11671.2
0.00309164	11696.3
0.00310151	11721.4
0.00311137	11746.5
0.00312124	11771.5
0.0031311	11796.6
0.00314097	11821.6
0.00315083	11846.5
0.00316136	11873.1
0.00317188	11899.7
0.00318241	11926.3
0.00319293	11952.8
0.00320345	11979.3
0.00321398	12005.8
0.0032245	12032.3
0.00323503	12058.7
0.00324555	12085.1
0.00325607	12111.5
0.0032666	12137.8
0.00327712	12164.1
0.00328764	12190.4
0.00329817	12216.7
0.00330869	12242.9
0.00331922	12269.1
0.00332974	12295.3
0.00334026	12321.4
0.00335079	12347.5
0.00336131	12373.6
0.00337254	12401.4
0.00338377	12429.2
0.00339499	12457
0.00340622	12484.7
0.00341745	12512.3
0.00342867	12540
0.0034399	12567.6
0.00345113	12595.2
0.00346235	12622.7
0.00347358	12650.2
0.00348481	12677.7
0.00349604	12705.2
0.00350726	12732.6
0.00351849	12760
0.00352972	12787.3
0.00354094	12814.6
0.00355217	12841.9
0.0035634	12869.2
0.00357462	12896.4
0.00358585	12923.6
0.00358585	12923.6
0.00359783	12952.6
0.0036098	12981.5
0.00362178	13010.4
0.00363376	13039.3
0.00364574	13068.1
0.00365771	13096.9
0.00366969	13125.7
0.00368167	13154.4
0.00369364	13183.1
0.00370562	13211.7
0.0037176	13240.3
0.00372957	13268.9
0.00374155	13297.4
0.00375353	13325.9
0.0037655	13354.3
0.00377748	13382.7
0.00378946	13411.1
0.00380143	13439.4
0.00381341	13467.7
0.00382539	13495.9
0.00383817	13526
0.00385094	13556.1
0.00386372	13586.1
0.0038765	13616
0.00388927	13645.9
0.00390205	13675.8
0.00391483	13705.6
0.0039276	13735.3
0.00394038	13765
0.00395316	13794.7
0.00396594	13824.3
0.00397871	13853.9
0.00399149	13883.4
0.00400427	13912.9
0.00401704	13942.3
0.00402982	13971.7
0.0040426	14001
0.00405537	14030.2
0.00406815	14059.5
0.00408093	14088.6
0.00409456	14119.7
0.00410819	14150.7
0.00412182	14181.7
0.00413545	14212.5
0.00414908	14243.4
0.00416271	14274.2
0.00417634	14304.9
0.00418997	14335.5
0.0042036	14366.1
0.00421723	14396.7
0.00423086	14427.2
0.00424449	14457.6
0.00425812	14487.9
0.00427175	14518.2
0.00428539	14548.5
0.00429902	14578.7
0.00431265	14608.8
0.00432628	14638.9
0.00433991	14668.9
0.00435354	14698.8
0.00436808	14730.7
0.00438262	14762.5
0.00439716	14794.3
0.0044117	14825.9
0.00442624	14857.5
0.00444078	14889.1
0.00445532	14920.6
0.00446987	14952
0.00448441	14983.3
0.00449895	15014.5
0.00451349	15045.7
0.00452803	15076.9
0.00454257	15107.9
0.00455711	15138.9
0.00457165	15169.8
0.00458619	15200.6
0.00460073	15231.4
0.00461528	15262.1
0.00462982	15292.8
0.00464436	15323.3
0.00464436	15323.3
0.00465987	15355.8
0.00467538	15388.3
0.00469089	15420.7
0.00470641	15452.9
0.00472192	15485.2
0.00473743	15517.3
0.00475294	15549.3
0.00476846	15581.3
0.00478397	15613.2
0.00479948	15645
0.00481499	15676.7
0.00483051	15708.4
0.00484602	15740
0.00486153	15771.5
0.00487704	15802.9
0.00489256	15834.2
0.00490807	15865.5
0.00492358	15896.6
0.00493909	15927.7
0.0049546	15958.8
0.00497115	15991.8
0.0049877	16024.7
0.00500425	16057.5
0.0050208	16090.3
0.00503735	16122.9
0.0050539	16155.5
0.00507044	16188
0.00508699	16220.3
0.00510354	16252.6
0.00512009	16284.9
0.00513664	16317
0.00515319	16349
0.00516974	16381
0.00518629	16412.8
0.00520283	16444.6
0.00521938	16476.3
0.00523593	16507.9
0.00525248	16539.5
0.00526903	16570.9
0.00528558	16602.2
0.00530323	16635.6
0.00532088	16668.9
0.00533854	16702
0.00535619	16735.1
0.00537385	16768.1
0.0053915	16801
0.00540915	16833.7
0.00542681	16866.4
0.00544446	16899
0.00546212	16931.6
0.00547977	16964
0.00549743	16996.3
0.00551508	17028.6
0.00553273	17060.7
0.00555039	17092.8
0.00556804	17124.8
0.0055857	17156.7
0.00560335	17188.5
0.005621	17220.2
0.00563866	17251.8
0.00563866	17251.8
0.00565749	17285.5
0.00567632	17319.1
0.00569516	17352.5
0.00571399	17385.9
0.00573282	17419.2
0.00575166	17452.4
0.00577049	17485.5
0.00578932	17518.5
0.00580816	17551.4
0.00582699	17584.2
0.00584582	17616.9
0.00586466	17649.6
0.00588349	17682.1
0.00590232	17714.6
0.00592116	17747
0.00593999	17779.3
0.00595882	17811.5
0.00597766	17843.6
0.00599649	17875.7
0.00601532	17907.6
0.00603542	17941.6
0.00605551	17975.6
0.0060756	18009.4
0.00609569	18043.1
0.00611578	18076.7
0.00613587	18110.2
0.00615596	18143.7
0.00617606	18177
0.00619615	18210.3
0.00621624	18243.4
0.00623633	18276.5
0.00625642	18309.4
0.00627651	18342.2
0.00629661	18375
0.0063167	18407.6
0.00633679	18440.2
0.00635688	18472.6
0.00637697	18505
0.00639706	18537.2
0.00641715	18569.4
0.00643859	18603.6
0.00646002	18637.6
0.00648145	18671.6
0.00650289	18705.4
0.00652432	18739.1
0.00654576	18772.7
0.00656719	18806.2
0.00658862	18839.6
0.00661006	18872.8
0.00663149	18905.9
0.00665292	18938.9
0.00667436	18971.8
0.00669579	19004.6
0.00671722	19037.3
0.00673866	19069.8
0.00676009	19102.2
0.00678152	19134.5
0.00680296	19166.7
0.00682439	19198.7
0.00684583	19230.7
0.00686869	19264.6
0.00689156	19298.4
0.00691442	19332.1
0.00693729	19365.6
0.00696015	19399
0.00698302	19432.2
0.00700588	19465.4
0.00702875	19498.3
0.00705161	19531.2
0.00707448	19563.9
0.00709734	19596.4
0.00712021	19628.9
0.00714307	19661.2
0.00716594	19693.3
0.00718881	19725.3
0.00721167	19757.2
0.00723454	19788.9
0.0072574	19820.5
0.00728027	19852
0.00730313	19883.3
0.00730313	19883.3
0.00732753	19916.5
0.00735192	19949.6
0.00737631	19982.6
0.0074007	20015.4
0.0074251	20048
0.00744949	20080.4
0.00747388	20112.8
0.00749827	20144.9
0.00752267	20176.9
0.00754706	20208.7
0.00757145	20240.4
0.00759585	20271.9
0.00762024	20303.3
0.00764463	20334.5
0.00766902	20365.5
0.00769342	20396.4
0.00771781	20427.1
0.0077422	20457.7
0.0077666	20488.1
0.00779099	20518.3
0.00779099	20518.3
0.00781701	20550.4
0.00784303	20582.4
0.00786905	20614.1
0.00789508	20645.7
0.0079211	20677.1
0.00794712	20708.3
0.00797314	20739.3
0.00799917	20770.2
0.00802519	20800.8
0.00805121	20831.3
0.00807723	20861.7
0.00810325	20891.8
0.00812928	20921.8
0.0081553	20951.6
0.00818132	20981.2
0.00820734	21010.6
0.00823337	21039.9
0.00825939	21069
0.00828541	21097.9
0.00831143	21126.7
0.00831143	21126.7
0.00833919	21157.2
0.00836695	21187.5
0.00839471	21217.5
0.00842247	21247.4
0.00845024	21277.1
0.008478	21306.6
0.00850576	21335.9
0.00853352	21365.1
0.00856128	21394
0.00858904	21422.7
0.0086168	21451.2
0.00864456	21479.6
0.00867232	21507.8
0.00870008	21535.7
0.00872784	21563.5
0.0087556	21591.1
0.00878336	21618.5
0.00881112	21645.7
0.00883888	21672.8
0.00886664	21699.6
0.00886664	21699.6
0.00889626	21728.1
0.00892587	21756.3
0.00895549	21784.3
0.0089851	21812.2
0.00901472	21839.8
0.00904433	21867.2
0.00907395	21894.4
0.00910356	21921.4
0.00913318	21948.2
0.00916279	21974.8
0.00919241	22001.2
0.00922202	22027.4
0.00925164	22053.4
0.00928125	22079.2
0.00931087	22104.8
0.00934048	22130.2
0.0093701	22155.5
0.00939971	22180.5
0.00942933	22205.3
0.00945894	22230
0.00949054	22256.1
0.00952213	22282
0.00955372	22307.6
0.00958532	22333.1
0.00961691	22358.3
0.0096485	22383.4
0.0096801	22408.2
0.00971169	22432.8
0.00974328	22457.3
0.00977488	22481.5
0.00980647	22505.6
0.00983806	22529.4
0.00986966	22553
0.00990125	22576.5
0.00993284	22599.8
0.00996444	22622.9
0.00999603	22645.8
0.0100276	22668.5
0.0100592	22691
0.0100908	22713.4
0.0101245	22737
0.0101582	22760.5
0.0101919	22783.7
0.0102256	22806.8
0.0102593	22829.6
0.010293	22852.3
0.0103267	22874.7
0.0103604	22897
0.0103941	22919.1
0.0104278	22941
0.0104615	22962.7
0.0104953	22984.2
0.010529	23005.5
0.0105627	23026.6
0.0105964	23047.6
0.0106301	23068.3
0.0106638	23088.9
0.0106975	23109.3
0.0107312	23129.5
0.0107649	23149.6
0.0108008	23170.8
0.0108368	23191.7
0.0108727	23212.5
0.0109087	23233.1
0.0109447	23253.5
0.0109806	23273.6
0.0110166	23293.6
0.0110525	23313.4
0.0110885	23333
0.0111244	23352.3
0.0111604	23371.5
0.0111963	23390.5
0.0112323	23409.2
0.0112683	23427.8
0.0113042	23446.1
0.0113402	23464.3
0.0113761	23482.2
0.0114121	23500
0.011448	23517.5
0.011484	23534.9
0.011484	23534.9
0.0115223	23553.2
0.0115607	23571.2
0.0115991	23589
0.0116374	23606.6
0.0116758	23624
0.0117141	23641.1
0.0117525	23658
0.0117908	23674.7
0.0118292	23691.2
0.0118676	23707.4
0.0119059	23723.4
0.0119443	23739.2
0.0119826	23754.8
0.012021	23770.1
0.0120593	23785.2
0.0120977	23800.1
0.0121361	23814.8
0.0121744	23829.2
0.0122128	23843.5
0.0122511	23857.5
0.012292	23872.2
0.012333	23886.6
0.0123739	23900.8
0.0124148	23914.8
0.0124557	23928.5
0.0124966	23941.9
0.0125376	23955.2
0.0125785	23968.1
0.0126194	23980.9
0.0126603	23993.4
0.0127012	24005.6
0.0127422	24017.6
0.0127831	24029.4
0.012824	24040.9
0.0128649	24052.2
0.0129058	24063.2
0.0129468	24074
0.0129877	24084.6
0.0130286	24094.9
0.0130695	24105
0.0130695	24105
0.0131132	24115.5
0.0131568	24125.8
0.0132005	24135.8
0.0132441	24145.5
0.0132878	24155
0.0133314	24164.2
0.0133751	24173.1
0.0134187	24181.8
0.0134624	24190.2
0.013506	24198.4
0.0135497	24206.3
0.0135933	24213.9
0.013637	24221.3
0.0136807	24228.5
0.0137243	24235.4
0.013768	24242
0.0138116	24248.4
0.0138553	24254.6
0.0138989	24260.5
0.0139426	24266.2
0.0139891	24272
0.0140357	24277.5
0.0140823	24282.7
0.0141288	24287.6
0.0141754	24292.3
0.014222	24296.8
0.0142685	24300.9
0.0143151	24304.8
0.0143617	24308.4
0.0144083	24311.8
0.0144548	24314.9
0.0145014	24317.7
0.014548	24320.3
0.0145945	24322.6
0.0146411	24324.7
0.0146877	24326.6
0.0147342	24328.1
0.0147808	24329.5
0.0148274	24330.5
0.0148739	24331.4
0.0148739	24331.4
0.0149236	24332
0.0149733	24332.4
0.015023	24332.4
0.0150727	24332.3
0.0151223	24331.8
0.015172	24331.1
0.0152217	24330.1
0.0152714	24328.8
0.0153211	24327.3
0.0153707	24325.5
0.0154204	24323.4
0.0154701	24321.1
0.0155198	24318.5
0.0155695	24315.6
0.0156191	24312.5
0.0156688	24309.2
0.0157185	24305.6
0.0157682	24301.7
0.0158179	24297.6
0.0158675	24293.2
0.0158675	24293.2
0.0159205	24288.3
0.0159735	24283.1
0.0160265	24277.6
0.0160795	24271.8
0.0161325	24265.8
0.0161855	24259.4
0.0162385	24252.8
0.0162915	24245.9
0.0163445	24238.8
0.0163975	24231.4
0.0164505	24223.7
0.0165035	24215.8
0.0165565	24207.6
0.0166095	24199.1
0.0166625	24190.4
0.0167155	24181.4
0.0167685	24172.1
0.0168215	24162.6
0.0168745	24152.9
0.0169275	24142.9
0.0169275	24142.9
0.016984	24132
0.0170406	24120.7
0.0170971	24109.2
0.0171537	24097.4
0.0172102	24085.4
0.0172667	24073.1
0.0173233	24060.5
0.0173798	24047.6
0.0174363	24034.5
0.0174929	24021.1
0.0175494	24007.4
0.017606	23993.5
0.0176625	23979.3
0.017719	23964.9
0.0177756	23950.2
0.0178321	23935.3
0.0178887	23920.1
0.0179452	23904.7
0.0180017	23889
0.0180583	23873.1
0.0180583	23873.1
0.0181186	23855.9
0.0181789	23838.4
0.0182392	23820.6
0.0182995	23802.6
0.0183598	23784.3
0.0184202	23765.7
0.0184805	23746.9
0.0185408	23727.9
0.0186011	23708.6
0.0186614	23689
0.0187217	23669.2
0.0187821	23649.2
0.0188424	23628.9
0.0189027	23608.4
0.018963	23587.7
0.0190233	23566.7
0.0190836	23545.5
0.0191439	23524.1
0.0192043	23502.5
0.0192646	23480.6
0.0192646	23480.6
0.0193289	23457.1
0.0193933	23433.3
0.0194576	23409.2
0.019522	23385
0.0195863	23360.5
0.0196506	23335.7
0.019715	23310.8
0.0197793	23285.6
0.0198437	23260.2
0.019908	23234.6
0.0199724	23208.7
0.0200367	23182.6
0.0201011	23156.4
0.0201654	23129.9
0.0202297	23103.2
0.0202941	23076.2
0.0203584	23049.1
0.0204228	23021.8
0.0204871	22994.3
0.0205515	22966.6
0.0205515	22966.6
0.0206201	22936.8
0.0206888	22906.8
0.0207574	22876.6
0.020826	22846.2
0.0208947	22815.5
0.0209633	22784.7
0.021032	22753.6
0.0211006	22722.4
0.0211693	22690.9
0.0212379	22659.3
0.0213065	22627.4
0.0213752	22595.4
0.0214438	22563.2
0.0215125	22530.8
0.0215811	22498.2
0.0216498	22465.4
0.0217184	22432.4
0.021787	22399.3
0.0218557	22366
0.0219243	22332.5
0.0219976	22296.7
0.0220708	22260.6
0.022144	22224.3
0.0222172	22187.9
0.0222905	22151.3
0.0223637	22114.5
0.0224369	22077.5
0.0225102	22040.4
0.0225834	22003.1
0.0226566	21965.6
0.0227298	21928
0.0228031	21890.3
0.0228763	21852.3
0.0229495	21814.3
0.0230228	21776.1
0.023096	21737.7
0.0231692	21699.2
0.0232424	21660.6
0.0233157	21621.8
0.0233889	21582.9
0.0233889	21582.9
0.023467	21541.3
0.0235451	21499.6
0.0236233	21457.7
0.0237014	21415.6
0.0237795	21373.5
0.0238576	21331.2
0.0239357	21288.8
0.0240139	21246.3
0.024092	21203.6
0.0241701	21160.9
0.0242482	21118
0.0243263	21075
0.0244045	21031.9
0.0244826	20988.8
0.0245607	20945.5
0.0246388	20902.1
0.0247169	20858.7
0.024795	20815.2
0.0248732	20771.5
0.0249513	20727.8
0.0249513	20727.8
0.0250346	20681.1
0.025118	20634.4
0.0252013	20587.5
0.0252846	20540.5
0.025368	20493.5
0.0254513	20446.5
0.0255347	20399.3
0.025618	20352.1
0.0257013	20304.8
0.0257847	20257.5
0.025868	20210.1
0.0259514	20162.7
0.0260347	20115.2
0.026118	20067.7
0.0262014	20020.2
0.0262847	19972.6
0.026368	19925
0.0264514	19877.3
0.0265347	19829.6
0.0266181	19782
0.026707	19731.1
0.0267959	19680.1
0.0268848	19629.2
0.0269737	19578.3
0.0270626	19527.3
0.0271515	19476.4
0.0272404	19425.4
0.0273293	19374.5
0.0274182	19323.6
0.0275071	19272.7
0.027596	19221.8
0.0276849	19170.9
0.0277738	19120
0.0278627	19069.2
0.0279516	19018.4
0.0280405	18967.6
0.0281295	18916.9
0.0282184	18866.2
0.0283073	18815.6
0.0283962	18765
0.028491	18711
0.0285859	18657.2
0.0286807	18603.4
0.0287755	18549.7
0.0288704	18496
0.0289652	18442.4
0.0290601	18388.9
0.0291549	18335.5
0.0292498	18282.2
0.0293446	18228.9
0.0294395	18175.7
0.0295343	18122.7
0.0296291	18069.7
0.029724	18016.8
0.0298188	17964
0.0299137	17911.4
0.0300085	17858.8
0.0301034	17806.3
0.0301982	17754
0.0302931	17701.8
0.0303942	17646.2
0.0304954	17590.7
0.0305966	17535.4
0.0306978	17480.3
0.030799	17425.3
0.0309001	17370.4
0.0310013	17315.7
0.0311025	17261.1
0.0312037	17206.7
0.0313049	17152.5
0.031406	17098.5
0.0315072	17044.6
0.0316084	16990.8
0.0317096	16937.3
0.0318108	16883.9
0.0319119	16830.7
0.0320131	16777.7
0.0321143	16724.9
0.0322155	16672.3
0.0323167	16619.8
0.0323167	16619.8
0.0324246	16564.1
0.0325325	16508.6
0.0326405	16453.3
0.0327484	16398.2
0.0328564	16343.4
0.0329643	16288.8
0.0330722	16234.5
0.0331802	16180.3
0.0332881	16126.4
0.033396	16072.8
0.033504	16019.4
0.0336119	15966.2
0.0337199	15913.3
0.0338278	15860.6
0.0339357	15808.2
0.0340437	15756
0.0341516	15704
0.0342596	15652.4
0.0343675	15600.9
0.0344754	15549.8
0.0345906	15495.5
0.0347057	15441.4
0.0348209	15387.7
0.034936	15334.3
0.0350512	15281.2
0.0351663	15228.4
0.0352815	15175.9
0.0353966	15123.7
0.0355118	15071.8
0.0356269	15020.2
0.0357421	14968.9
0.0358572	14917.9
0.0359724	14867.2
0.0360875	14816.8
0.0362027	14766.8
0.0363178	14717.1
0.036433	14667.6
0.0365481	14618.5
0.0366633	14569.8
0.0367784	14521.3
0.0369013	14469.9
0.0370241	14419
0.037147	14368.3
0.0372698	14318.1
0.0373926	14268.2
0.0375155	14218.7
0.0376383	14169.5
0.0377612	14120.7
0.037884	14072.3
0.0380068	14024.2
0.0381297	13976.5
0.0382525	13929.1
0.0383754	13882.1
0.0384982	13835.5
0.0386211	13789.2
0.0387439	13743.3
0.0388667	13697.7
0.0389896	13652.5
0.0391124	13607.7
0.0392353	13563.2
0.0392353	13563.2
0.0393663	13516.1
0.0394974	13469.4
0.0396284	13423.2
0.0397594	13377.3
0.0398905	13331.9
0.0400215	13286.8
0.0401526	13242.2
0.0402836	13197.9
0.0404147	13154.1
0.0405457	13110.6
0.0406768	13067.5
0.0408078	13024.9
0.0409389	12982.6
0.0410699	12940.7
0.041201	12899.2
0.041332	12858.1
0.0414631	12817.4
0.0415941	12777
0.0417252	12737.1
0.0418562	12697.5
0.0418562	12697.5
0.041996	12655.7
0.0421358	12614.4
0.0422756	12573.4
0.0424154	12532.9
0.0425552	12492.9
0.042695	12453.2
0.0428348	12414
0.0429746	12375.1
0.0431144	12336.7
0.0432542	12298.7
0.043394	12261.1
0.0435338	12223.8
0.0436736	12187
0.0438134	12150.6
0.0439532	12114.6
0.044093	12078.9
0.0442328	12043.6
0.0443726	12008.8
0.0445124	11974.2
0.0446522	11940.1
0.0446522	11940.1
0.0448014	11904.1
0.0449505	11868.5
0.0450997	11833.3
0.0452488	11798.5
0.0453979	11764.1
0.0455471	11730.2
0.0456962	11696.6
0.0458454	11663.4
0.0459945	11630.6
0.0461436	11598.2
0.0462928	11566.1
0.0464419	11534.4
0.0465911	11503.1
0.0467402	11472.2
0.0468893	11441.6
0.0470385	11411.4
0.0471876	11381.5
0.0473368	11352
0.0474859	11322.8
0.047635	11293.9
0.0477941	11263.5
0.0479533	11233.5
0.0481124	11203.8
0.0482715	11174.5
0.0484306	11145.6
0.0485897	11117
0.0487488	11088.7
0.0489079	11060.8
0.049067	11033.2
0.0492261	11005.9
0.0493852	10979
0.0495443	10952.4
0.0497034	10926
0.0498625	10900
0.0500216	10874.3
0.0501807	10848.9
0.0503398	10823.7
0.0504989	10798.9
0.050658	10774.3
0.0508171	10749.9
0.0509868	10724.2
0.0511566	10698.9
0.0513263	10673.8
0.051496	10648.9
0.0516658	10624.4
0.0518355	10600.1
0.0520052	10576
0.052175	10552.2
0.0523447	10528.7
0.0525144	10505.3
0.0526842	10482.2
0.0528539	10459.3
0.0530236	10436.7
0.0531933	10414.2
0.0533631	10391.9
0.0535328	10369.8
0.0537025	10347.9
0.0538723	10326.2
0.054042	10304.7
0.0542117	10283.3
0.0542117	10283.3
0.0543928	10260.6
0.0545739	10238.1
0.0547549	10215.8
0.054936	10193.7
0.0551171	10171.6
0.0552982	10149.8
0.0554792	10128
0.0556603	10106.4
0.0558414	10084.9
0.0560224	10063.5
0.0562035	10042.3
0.0563846	10021.1
0.0565656	9999.99
0.0567467	9978.98
0.0569278	9958.05
0.0571088	9937.19
0.0572899	9916.39
0.057471	9895.64
0.0576521	9874.93
0.0578331	9854.27
0.0578331	9854.27
0.0580263	9832.26
0.0582195	9810.29
0.0584126	9788.34
0.0586058	9766.4
0.058799	9744.48
0.0589921	9722.56
0.0591853	9700.64
0.0593784	9678.72
0.0595716	9656.78
0.0597648	9634.82
0.0599579	9612.83
0.0601511	9590.81
0.0603443	9568.76
0.0605374	9546.65
0.0607306	9524.5
0.0609238	9502.29
0.0611169	9480.02
0.0613101	9457.67
0.0615033	9435.25
0.0616964	9412.75
0.0616964	9412.75
0.0619025	9388.64
0.0621086	9364.43
0.0623146	9340.12
0.0625207	9315.69
0.0627268	9291.14
0.0629328	9266.48
0.0631389	9241.7
0.063345	9216.78
0.063551	9191.74
0.0637571	9166.57
0.0639632	9141.26
0.0641693	9115.81
0.0643753	9090.22
0.0645814	9064.48
0.0647875	9038.59
0.0649935	9012.55
0.0651996	8986.35
0.0654057	8959.99
0.0656117	8933.46
0.0658178	8906.77
0.0660376	8878.1
0.0662575	8849.25
0.0664773	8820.19
0.0666971	8790.95
0.066917	8761.52
0.0671368	8731.89
0.0673566	8702.08
0.0675765	8672.08
0.0677963	8641.89
0.0680161	8611.51
0.068236	8580.95
0.0684558	8550.21
0.0686756	8519.28
0.0688955	8488.17
0.0691153	8456.88
0.0693352	8425.41
0.069555	8393.76
0.0697748	8361.93
0.0699947	8329.92
0.0702145	8297.74
0.0702145	8297.74
0.070449	8263.21
0.0706835	8228.49
0.070918	8193.59
0.0711526	8158.5
0.0713871	8123.24
0.0716216	8087.81
0.0718561	8052.22
0.0720906	8016.47
0.0723252	7980.57
0.0725597	7944.52
0.0727942	7908.34
0.0730287	7872.02
0.0732632	7835.58
0.0734978	7799.02
0.0737323	7762.34
0.0739668	7725.56
0.0742013	7688.67
0.0744358	7651.69
0.0746704	7614.62
0.0749049	7577.47
0.0749049	7577.47
0.0751551	7537.75
0.0754052	7497.95
0.0756554	7458.09
0.0759056	7418.16
0.0761558	7378.19
0.076406	7338.18
0.0766562	7298.14
0.0769064	7258.08
0.0771565	7218.02
0.0774067	7177.95
0.0776569	7137.89
0.0779071	7097.86
0.0781573	7057.85
0.0784075	7017.88
0.0786577	6977.97
0.0789078	6938.11
0.079158	6898.32
0.0794082	6858.61
0.0796584	6818.99
0.0799086	6779.47
0.0801755	6737.43
0.0804424	6695.52
0.0807093	6653.76
0.0809762	6612.15
0.0812431	6570.7
0.08151	6529.43
0.0817769	6488.34
0.0820438	6447.44
0.0823107	6406.74
0.0825776	6366.26
0.0828445	6326
0.0831114	6285.97
0.0833783	6246.18
0.0836452	6206.65
0.0839121	6167.37
0.084179	6128.37
0.0844459	6089.65
0.0847128	6051.23
0.0849797	6013.1
0.0852466	5975.29
0.0855313	5935.3
0.085816	5895.68
0.0861007	5856.44
0.0863855	5817.59
0.0866702	5779.12
0.0869549	5741.04
0.0872396	5703.37
0.0875244	5666.09
0.0878091	5629.23
0.0880938	5592.79
0.0883786	5556.76
0.0886633	5521.16
0.088948	5486
0.0892327	5451.27
0.0895175	5416.99
0.0898022	5383.15
0.0900869	5349.77
0.0903716	5316.85
0.0906564	5284.4
0.0909411	5252.42
0.0912448	5218.82
0.0915486	5185.77
0.0918523	5153.26
0.0921561	5121.28
0.0924598	5089.84
0.0927636	5058.94
0.0930673	5028.57
0.0933711	4998.72
0.0936748	4969.41
0.0939786	4940.62
0.0942823	4912.36
0.0945861	4884.63
0.0948898	4857.41
0.0951936	4830.72
0.0954973	4804.54
0.0958011	4778.88
0.0961048	4753.74
0.0964085	4729.11
0.0967123	4704.99
0.097016	4681.38
0.0973401	4656.75
0.0976641	4632.69
0.0979882	4609.19
0.0983122	4586.24
0.0986362	4563.83
0.0989603	4541.95
0.0992843	4520.59
0.0996083	4499.74
0.0999324	4479.39
0.100256	4459.54
0.10058	4440.17
0.100904	4421.26
0.101229	4402.83
0.101553	4384.84
0.101877	4367.3
0.102201	4350.19
0.102525	4333.51
0.102849	4317.25
0.103173	4301.39
0.103497	4285.92
0.103497	4285.92
0.103842	4269.85
0.104188	4254.2
0.104534	4238.96
0.10488	4224.11
0.105225	4209.65
0.105571	4195.54
0.105917	4181.79
0.106262	4168.37
0.106608	4155.27
0.106954	4142.47
0.107299	4129.96
0.107645	4117.72
0.107991	4105.74
0.108336	4094
0.108682	4082.49
0.109028	4071.19
0.109373	4060.09
0.109719	4049.17
0.110065	4038.42
0.11041	4027.82
0.11041	4027.82
0.110779	4016.66
0.111148	4005.64
0.111517	3994.75
0.111886	3983.97
0.112254	3973.28
0.112623	3962.68
0.112992	3952.14
0.113361	3941.65
0.113729	3931.2
0.114098	3920.78
0.114467	3910.36
0.114836	3899.93
0.115205	3889.48
0.115573	3878.99
0.115942	3868.45
0.116311	3857.84
0.11668	3847.16
0.117048	3836.37
0.117417	3825.47
0.117786	3814.45
0.118179	3802.54
0.118573	3790.46
0.118966	3778.22
0.11936	3765.8
0.119753	3753.2
0.120146	3740.41
0.12054	3727.44
0.120933	3714.28
0.121327	3700.91
0.12172	3687.34
0.122113	3673.57
0.122507	3659.58
0.1229	3645.38
0.123294	3630.95
0.123687	3616.3
0.124081	3601.42
0.124474	3586.3
0.124867	3570.94
0.125261	3555.33
0.125654	3539.48
0.126074	3522.28
0.126494	3504.81
0.126913	3487.07
0.127333	3469.07
0.127753	3450.82
0.128172	3432.33
0.128592	3413.61
0.129012	3394.68
0.129431	3375.54
0.129851	3356.2
0.130271	3336.68
0.13069	3316.98
0.13111	3297.12
0.13153	3277.1
0.13195	3256.94
0.132369	3236.64
0.132789	3216.22
0.133209	3195.69
0.133628	3175.05
0.134048	3154.32
0.134048	3154.32
0.134496	3132.12
0.134943	3109.84
0.135391	3087.5
0.135839	3065.11
0.136287	3042.7
0.136734	3020.28
0.137182	2997.87
0.13763	2975.48
0.138078	2953.14
0.138525	2930.85
0.138973	2908.63
0.139421	2886.51
0.139868	2864.49
0.140316	2842.6
0.140764	2820.84
0.141212	2799.25
0.141659	2777.83
0.142107	2756.61
0.142555	2735.59
0.143003	2714.79
0.14348	2692.88
0.143958	2671.24
0.144435	2649.89
0.144913	2628.84
0.145391	2608.09
0.145868	2587.66
0.146346	2567.53
0.146824	2547.73
0.147301	2528.27
0.147779	2509.13
0.148257	2490.35
0.148734	2471.91
0.149212	2453.83
0.149689	2436.12
0.150167	2418.78
0.150645	2401.81
0.151122	2385.24
0.1516	2369.05
0.152078	2353.26
0.152555	2337.88
0.152555	2337.88
0.153065	2321.92
0.153574	2306.43
0.154084	2291.38
0.154593	2276.78
0.155103	2262.61
0.155612	2248.87
0.156122	2235.53
0.156632	2222.61
0.157141	2210.08
0.157651	2197.93
0.15816	2186.16
0.15867	2174.76
0.159179	2163.72
0.159689	2153.03
0.160198	2142.67
0.160708	2132.65
0.161217	2122.95
0.161727	2113.56
0.162236	2104.47
0.162746	2095.68
0.162746	2095.68
0.16329	2086.61
0.163833	2077.84
0.164377	2069.37
0.16492	2061.16
0.165464	2053.2
0.166008	2045.48
0.166551	2037.97
0.167095	2030.65
0.167638	2023.52
0.168182	2016.54
0.168725	2009.71
0.169269	2003
0.169813	1996.39
0.170356	1989.87
0.1709	1983.43
0.171443	1977.03
0.171987	1970.67
0.17253	1964.32
0.173074	1957.97
0.173618	1951.59
0.173618	1951.59
0.174198	1944.75
0.174777	1937.86
0.175357	1930.9
0.175937	1923.88
0.176517	1916.78
0.177097	1909.6
0.177677	1902.33
0.178257	1894.96
0.178837	1887.49
0.179417	1879.9
0.179996	1872.19
0.180576	1864.35
0.181156	1856.37
0.181736	1848.25
0.182316	1839.98
0.182896	1831.55
0.183476	1822.95
0.184056	1814.18
0.184636	1805.23
0.185215	1796.08
0.185834	1786.11
0.186453	1775.93
0.187071	1765.55
0.18769	1754.98
0.188309	1744.24
0.188927	1733.34
0.189546	1722.29
0.190164	1711.11
0.190783	1699.8
0.191402	1688.39
0.19202	1676.88
0.192639	1665.28
0.193258	1653.62
0.193876	1641.89
0.194495	1630.12
0.195113	1618.32
0.195732	1606.5
0.196351	1594.68
0.196969	1582.85
0.197588	1571.05
0.198248	1558.5
0.198908	1545.99
0.199568	1533.54
0.200228	1521.17
0.200888	1508.87
0.201548	1496.68
0.202208	1484.59
0.202868	1472.61
0.203528	1460.77
0.204187	1449.07
0.204847	1437.52
0.205507	1426.14
0.206167	1414.93
0.206827	1403.91
0.207487	1393.1
0.208147	1382.49
0.208807	1372.11
0.209467	1361.96
0.210127	1352.06
0.210787	1342.42
0.210787	1342.42
0.211491	1332.43
0.212195	1322.74
0.212899	1313.35
0.213603	1304.23
0.214307	1295.4
0.215011	1286.83
0.215715	1278.52
0.216419	1270.47
0.217123	1262.66
0.217827	1255.08
0.218531	1247.74
0.219235	1240.62
0.21994	1233.71
0.220644	1227.01
0.221348	1220.5
0.222052	1214.19
0.222756	1208.06
0.22346	1202.1
0.224164	1196.31
0.224868	1190.68
0.224868	1190.68
0.225619	1184.84
0.22637	1179.15
0.227121	1173.61
0.227872	1168.2
0.228623	1162.91
0.229374	1157.73
0.230125	1152.63
0.230876	1147.62
0.231627	1142.66
0.232378	1137.76
0.23313	1132.9
0.233881	1128.06
0.234632	1123.23
0.235383	1118.4
0.236134	1113.55
0.236885	1108.67
0.237636	1103.75
0.238387	1098.78
0.239138	1093.73
0.239889	1088.6
0.24069	1083.03
0.241492	1077.34
0.242293	1071.56
0.243094	1065.69
0.243895	1059.72
0.244697	1053.67
0.245498	1047.53
0.246299	1041.32
0.2471	1035.04
0.247902	1028.7
0.248703	1022.29
0.249504	1015.83
0.250305	1009.31
0.251106	1002.75
0.251908	996.145
0.252709	989.504
0.25351	982.831
0.254311	976.131
0.255113	969.409
0.255914	962.669
0.256769	955.466
0.257623	948.258
0.258478	941.053
0.259333	933.861
0.260188	926.691
0.261043	919.552
0.261897	912.453
0.262752	905.403
0.263607	898.41
0.264462	891.485
0.265316	884.635
0.266171	877.871
0.267026	871.2
0.267881	864.633
0.268735	858.177
0.26959	851.842
0.270445	845.638
0.2713	839.572
0.272154	833.655
0.273009	827.895
0.273921	821.93
0.274833	816.147
0.275745	810.536
0.276657	805.091
0.277569	799.804
0.27848	794.665
0.279392	789.669
0.280304	784.806
0.281216	780.069
0.282128	775.449
0.28304	770.939
0.283952	766.532
0.284863	762.218
0.285775	757.99
0.286687	753.841
0.287599	749.762
0.288511	745.745
0.289423	741.782
0.290335	737.866
0.291246	733.989
0.291246	733.989
0.292219	729.887
0.293192	725.819
0.294165	721.782
0.295138	717.775
0.29611	713.797
0.297083	709.845
0.298056	705.918
0.299029	702.014
0.300001	698.132
0.300974	694.27
0.301947	690.426
0.30292	686.599
0.303893	682.787
0.304865	678.989
0.305838	675.202
0.306811	671.426
0.307784	667.657
0.308756	663.896
0.309729	660.14
0.310702	656.387
0.31174	652.387
0.312777	648.389
0.313815	644.396
0.314853	640.408
0.315891	636.427
0.316929	632.453
0.317966	628.488
0.319004	624.532
0.320042	620.587
0.32108	616.654
0.322117	612.734
0.323155	608.828
0.324193	604.936
0.325231	601.061
0.326268	597.204
0.327306	593.364
0.328344	589.544
0.329382	585.744
0.330419	581.966
0.331457	578.211
0.331457	578.211
0.332564	574.23
0.333671	570.277
0.334778	566.351
0.335885	562.452
0.336993	558.581
0.3381	554.738
0.339207	550.922
0.340314	547.135
0.341421	543.376
0.342528	539.646
0.343635	535.944
0.344742	532.271
0.345849	528.627
0.346956	525.012
0.348063	521.426
0.34917	517.87
0.350278	514.343
0.351385	510.846
0.352492	507.379
0.353599	503.943
0.353599	503.943
0.35478	500.31
0.355961	496.711
0.357142	493.147
0.358323	489.617
0.359504	486.122
0.360685	482.661
0.361866	479.234
0.363047	475.842
0.364228	472.483
0.365409	469.16
0.36659	465.87
0.367771	462.614
0.368952	459.393
0.370133	456.206
0.371314	453.053
0.372495	449.934
0.373676	446.849
0.374857	443.798
0.376038	440.781
0.377219	437.798
0.378479	434.653
0.379739	431.546
0.380999	428.477
0.382259	425.444
0.383519	422.448
0.384779	419.487
0.386039	416.56
0.387299	413.668
0.388559	410.81
0.389819	407.984
0.391079	405.191
0.392339	402.429
0.393599	399.699
0.394858	396.998
0.396118	394.328
0.397378	391.687
0.398638	389.074
0.399898	386.489
0.401158	383.931
0.402418	381.399
0.402418	381.399
0.403762	378.728
0.405106	376.085
0.40645	373.471
0.407794	370.885
0.409139	368.327
0.410483	365.796
0.411827	363.293
0.413171	360.815
0.414515	358.364
0.415859	355.939
0.417203	353.539
0.418547	351.163
0.419891	348.812
0.421235	346.485
0.422579	344.182
0.423924	341.901
0.425268	339.643
0.426612	337.408
0.427956	335.194
0.4293	333.002
0.430734	330.686
0.432168	328.394
0.433602	326.125
0.435035	323.879
0.436469	321.655
0.437903	319.454
0.439337	317.274
0.440771	315.115
0.442205	312.978
0.443639	310.861
0.445073	308.764
0.446506	306.687
0.44794	304.63
0.449374	302.592
0.450808	300.573
0.452242	298.572
0.453676	296.59
0.45511	294.625
0.456544	292.678
0.457978	290.748
0.459507	288.707
0.461037	286.686
0.462567	284.683
0.464096	282.698
0.465626	280.732
0.467156	278.784
0.468685	276.854
0.470215	274.941
0.471745	273.047
0.473274	271.17
0.474804	269.31
0.476334	267.468
0.477863	265.642
0.479393	263.833
0.480922	262.041
0.482452	260.266
0.483982	258.506
0.485511	256.763
0.487041	255.036
0.488571	253.325
0.490203	251.516
0.491835	249.726
0.493466	247.952
0.495098	246.196
0.49673	244.457
0.498362	242.735
0.499994	241.029
0.501626	239.34
0.503257	237.668
0.504889	236.011
0.506521	234.37
0.508153	232.745
0.509785	231.136
0.511417	229.542
0.513049	227.963
0.51468	226.4
0.516312	224.851
0.517944	223.317
0.519576	221.797
0.521208	220.291
0.521208	220.291
0.522949	218.701
0.524689	217.126
0.52643	215.567
0.528171	214.023
0.529912	212.495
0.531653	210.982
0.533394	209.484
0.535135	208.001
0.536875	206.533
0.538616	205.079
0.540357	203.64
0.542098	202.214
0.543839	200.803
0.54558	199.405
0.547321	198.022
0.549061	196.651
0.550802	195.295
0.552543	193.951
0.554284	192.62
0.556025	191.302
0.557882	189.91
0.559739	188.533
0.561596	187.169
0.563453	185.819
0.565311	184.483
0.567168	183.161
0.569025	181.852
0.570882	180.557
0.572739	179.274
0.574596	178.005
0.576454	176.748
0.578311	175.503
0.580168	174.272
0.582025	173.052
0.583882	171.845
0.585739	170.649
0.587596	169.465
0.589454	168.293
0.591311	167.132
0.593168	165.983
0.593168	165.983
0.595149	164.769
0.59713	163.567
0.599111	162.378
0.601093	161.201
0.603074	160.036
0.605055	158.883
0.607036	157.741
0.609017	156.611
0.610999	155.493
0.61298	154.386
0.614961	153.29
0.616942	152.205
0.618924	151.13
0.620905	150.067
0.622886	149.014
0.624867	147.972
0.626848	146.939
0.62883	145.917
0.630811	144.905
0.632792	143.903
0.632792	143.903
0.634906	142.844
0.637019	141.796
0.639133	140.759
0.641246	139.732
0.64336	138.716
0.645473	137.71
0.647587	136.715
0.6497	135.729
0.651814	134.754
0.653927	133.788
0.656041	132.832
0.658155	131.886
0.660268	130.949
0.662382	130.021
0.664495	129.102
0.666609	128.192
0.668722	127.291
0.670836	126.399
0.672949	125.516
0.675063	124.641
0.675063	124.641
0.677318	123.717
0.679573	122.802
0.681827	121.896
0.684082	121
0.686337	120.113
0.688591	119.235
0.690846	118.365
0.693101	117.505
0.695356	116.653
0.69761	115.809
0.699865	114.974
0.70212	114.148
0.704375	113.329
0.706629	112.519
0.708884	111.717
0.711139	110.923
0.713394	110.136
0.715648	109.358
0.717903	108.587
0.720158	107.823
0.722563	107.017
0.724969	106.219
0.727374	105.429
0.729779	104.647
0.732185	103.874
0.73459	103.108
0.736995	102.35
0.739401	101.6
0.741806	100.858
0.744211	100.123
0.746617	99.3954
0.749022	98.6754
0.751427	97.9626
0.753833	97.2571
0.756238	96.5586
0.758644	95.8672
0.761049	95.1826
0.763454	94.5048
0.76586	93.8337
0.768265	93.1693
0.770831	92.4676
0.773397	91.7732
0.775963	91.0861
0.778529	90.4061
0.781095	89.7332
0.783661	89.0672
0.786227	88.4082
0.788793	87.7559
0.791359	87.1104
0.793925	86.4715
0.796491	85.8391
0.799057	85.2132
0.801623	84.5937
0.80419	83.9805
0.806756	83.3734
0.809322	82.7725
0.811888	82.1776
0.814454	81.5886
0.81702	81.0055
0.819586	80.4281
0.819586	80.4281
0.822323	79.8184
0.825061	79.2152
0.827798	78.6182
0.830536	78.0275
0.833273	77.443
0.83601	76.8645
0.838748	76.2921
0.841485	75.7256
0.844223	75.165
0.84696	74.6102
0.849698	74.0611
0.852435	73.5176
0.855173	72.9797
0.85791	72.4473
0.860648	71.9204
0.863385	71.3988
0.866122	70.8825
0.86886	70.3713
0.871597	69.8653
0.874335	69.3644
0.877255	68.8354
0.880175	68.3121
0.883096	67.7943
0.886016	67.282
0.888936	66.7751
0.891857	66.2735
0.894777	65.7772
0.897697	65.286
0.900618	64.8
0.903538	64.3191
0.906458	63.8432
0.909379	63.3722
0.912299	62.9061
0.915219	62.4448
0.91814	61.9882
0.92106	61.5362
0.92398	61.0889
0.9269	60.6461
0.929821	60.2078
0.932741	59.7739
0.932741	59.7739
0.935857	59.3158
0.938972	58.8625
0.942087	58.4141
0.945203	57.9704
0.948318	57.5314
0.951433	57.0971
0.954549	56.6673
0.957664	56.242
0.96078	55.8212
0.963895	55.4048
0.96701	54.9927
0.970126	54.585
0.973241	54.1814
0.976357	53.782
0.979472	53.3866
0.982587	52.9954
0.985703	52.6081
0.988818	52.2247
0.991934	51.8452
0.995049	51.4694
0.995049	51.4694
0.998373	51.0727
1.0017	50.6803
1.00502	50.2919
1.00834	49.9077
1.01167	49.5276
1.01499	49.1514
1.01831	48.7792
1.02164	48.411
1.02496	48.0466
1.02828	47.686
1.03161	47.3291
1.03493	46.976
1.03825	46.6265
1.04158	46.2807
1.0449	45.9384
1.04823	45.5996
1.05155	45.2644
1.05487	44.9325
1.0582	44.604
1.06152	44.2788
1.06506	43.9354
1.06861	43.5958
1.07216	43.2598
1.0757	42.9274
1.07925	42.5985
1.08279	42.2731
1.08634	41.9512
1.08988	41.6327
1.09343	41.3176
1.09697	41.0058
1.10052	40.6972
1.10407	40.3919
1.10761	40.0898
1.11116	39.7909
1.1147	39.495
1.11825	39.2022
1.12179	38.9125
1.12534	38.6257
1.12888	38.3418
1.13243	38.0609
1.13621	37.7643
1.13999	37.4708
1.14378	37.1806
1.14756	36.8934
1.15134	36.6094
1.15512	36.3284
1.15891	36.0503
1.16269	35.7753
1.16647	35.5031
1.17025	35.2339
1.17404	34.9675
1.17782	34.7038
1.1816	34.443
1.18538	34.1849
1.18917	33.9294
1.19295	33.6766
1.19673	33.4264
1.20051	33.1788
1.20429	32.9337
1.20808	32.6911
1.21211	32.435
1.21615	32.1816
1.22018	31.931
1.22422	31.683
1.22825	31.4377
1.23229	31.195
1.23632	30.9549
1.24036	30.7174
1.24439	30.4824
1.24843	30.2499
1.25246	30.0198
1.2565	29.7922
1.26053	29.567
1.26457	29.3441
1.2686	29.1235
1.27264	28.9053
1.27667	28.6893
1.28071	28.4755
1.28474	28.264
1.28878	28.0546
1.28878	28.0546
1.29308	27.8335
1.29739	27.6149
1.30169	27.3986
1.306	27.1847
1.3103	26.9731
1.3146	26.7637
1.31891	26.5566
1.32321	26.3518
1.32752	26.1491
1.33182	25.9486
1.33613	25.7502
1.34043	25.554
1.34474	25.3598
1.34904	25.1677
1.35335	24.9776
1.35765	24.7895
1.36196	24.6034
1.36626	24.4192
1.37056	24.2369
1.37487	24.0565
1.37487	24.0565
1.37946	23.866
1.38405	23.6777
1.38865	23.4914
1.39324	23.3072
1.39783	23.1249
1.40242	22.9446
1.40701	22.7663
1.41161	22.5899
1.4162	22.4154
1.42079	22.2428
1.42538	22.072
1.42997	21.9031
1.43457	21.7359
1.43916	21.5706
1.44375	21.4069
1.44834	21.245
1.45293	21.0848
1.45753	20.9263
1.46212	20.7693
1.46671	20.6141
1.46671	20.6141
1.47161	20.4502
1.47651	20.288
1.48141	20.1277
1.48631	19.9691
1.49121	19.8122
1.4961	19.657
1.501	19.5035
1.5059	19.3517
1.5108	19.2015
1.5157	19.0529
1.5206	18.9059
1.5255	18.7605
1.5304	18.6166
1.5353	18.4743
1.54019	18.3335
1.54509	18.1941
1.54999	18.0563
1.55489	17.9198
1.55979	17.7848
1.56469	17.6512
1.56469	17.6512
1.56991	17.5102
1.57514	17.3707
1.58037	17.2327
1.58559	17.0963
1.59082	16.9614
1.59605	16.8279
1.60127	16.6959
1.6065	16.5653
1.61172	16.4362
1.61695	16.3084
1.62218	16.1821
1.6274	16.057
1.63263	15.9334
1.63785	15.811
1.64308	15.69
1.64831	15.5702
1.65353	15.4517
1.65876	15.3345
1.66399	15.2185
1.66921	15.1037
1.67479	14.9825
1.68036	14.8627
1.68594	14.7442
1.69151	14.6271
1.69709	14.5112
1.70266	14.3965
1.70824	14.2832
1.71381	14.1711
1.71939	14.0602
1.72496	13.9505
1.73054	13.842
1.73611	13.7346
1.74169	13.6285
1.74726	13.5234
1.75284	13.4195
1.75842	13.3167
1.76399	13.215
1.76957	13.1143
1.77514	13.0147
1.78072	12.9162
1.78666	12.8121
1.79261	12.7093
1.79856	12.6075
1.80451	12.5069
1.81045	12.4074
1.8164	12.309
1.82235	12.2116
1.8283	12.1153
1.83425	12.0201
1.84019	11.9259
1.84614	11.8327
1.85209	11.7406
1.85804	11.6494
1.86398	11.5592
1.86993	11.47
1.87588	11.3817
1.88183	11.2943
1.88777	11.2079
1.89372	11.1224
1.89967	11.0378
1.89967	11.0378
1.90601	10.9485
1.91236	10.8601
1.9187	10.7728
1.92505	10.6864
1.93139	10.601
1.93774	10.5165
1.94408	10.433
1.95043	10.3503
1.95677	10.2686
1.96312	10.1878
1.96946	10.1078
1.97581	10.0288
1.98215	9.95054
1.9885	9.87316
1.99484	9.79662
2.00119	9.7209
2.00753	9.64598
2.01388	9.57187
2.02022	9.49854
2.02657	9.42598
2.03334	9.34942
2.04011	9.27371
2.04688	9.19885
2.05364	9.12482
2.06041	9.05161
2.06718	8.97922
2.07395	8.90763
2.08072	8.83683
2.08749	8.76681
2.09426	8.69756
2.10103	8.62907
2.1078	8.56132
2.11456	8.49432
2.12133	8.42804
2.1281	8.36247
2.13487	8.29761
2.14164	8.23345
2.14841	8.16997
2.15518	8.10716
2.16195	8.04501
2.16195	8.04501
2.16917	7.97943
2.17639	7.91458
2.18361	7.85045
2.19083	7.78704
2.19805	7.72433
2.20527	7.66231
2.21249	7.60099
2.21971	7.54034
2.22693	7.48035
2.23416	7.42103
2.24138	7.36236
2.2486	7.30433
2.25582	7.24693
2.26304	7.19015
2.27026	7.13399
2.27748	7.07843
2.2847	7.02346
2.29192	6.96909
2.29914	6.91529
2.30637	6.86205
2.31407	6.80588
2.32177	6.75034
2.32948	6.69542
2.33718	6.64111
2.34488	6.58741
2.35259	6.5343
2.36029	6.48179
2.36799	6.42986
2.3757	6.3785
2.3834	6.32771
2.3911	6.27748
2.39881	6.2278
2.40651	6.17867
2.41421	6.13007
2.42192	6.082
2.42962	6.03445
2.43732	5.98742
2.44503	5.94089
2.45273	5.89486
2.46043	5.84932
2.46043	5.84932
2.46865	5.80127
2.47687	5.75376
2.48509	5.70679
2.4933	5.66035
2.50152	5.61443
2.50974	5.56902
2.51796	5.52413
2.52618	5.47973
2.53439	5.43583
2.54261	5.39241
2.55083	5.34948
2.55905	5.30702
2.56727	5.26503
2.57548	5.2235
2.5837	5.18242
2.59192	5.14178
2.60014	5.10159
2.60836	5.06183
2.61657	5.02249
2.62479	4.98358
2.62479	4.98358
2.63356	4.94251
2.64233	4.90191
2.65109	4.86177
2.65986	4.82208
2.66863	4.78284
2.67739	4.74403
2.68616	4.70566
2.69493	4.66772
2.70369	4.63019
2.71246	4.59309
2.72123	4.55639
2.72999	4.5201
2.73876	4.48421
2.74753	4.44872
2.7563	4.4136
2.76506	4.37888
2.77383	4.34452
2.7826	4.31054
2.79136	4.27692
2.80013	4.24366
2.80948	4.20856
2.81884	4.17386
2.82819	4.13956
2.83754	4.10564
2.84689	4.0721
2.85625	4.03894
2.8656	4.00614
2.87495	3.97372
2.8843	3.94166
2.89366	3.90995
2.90301	3.8786
2.91236	3.8476
2.92171	3.81694
2.93107	3.78661
2.94042	3.75662
2.94977	3.72696
2.95912	3.69762
2.96848	3.66859
2.97783	3.63989
2.98718	3.61149
2.99716	3.58152
3.00714	3.5519
3.01711	3.52262
3.02709	3.49367
3.03707	3.46504
3.04705	3.43674
3.05702	3.40876
3.067	3.3811
3.07698	3.35375
3.08695	3.3267
3.09693	3.29995
3.10691	3.27351
3.11689	3.24735
3.12686	3.22149
3.13684	3.19591
3.14682	3.17061
3.1568	3.14559
3.16677	3.12083
3.17675	3.09635
3.18673	3.07213
3.19737	3.04658
3.20802	3.02131
3.21866	2.99634
3.2293	2.97164
3.23995	2.94723
3.25059	2.92309
3.26123	2.89923
3.27188	2.87563
3.28252	2.8523
3.29317	2.82923
3.30381	2.80642
3.31445	2.78386
3.3251	2.76155
3.33574	2.73948
3.34638	2.71766
3.35703	2.69608
3.36767	2.67474
3.37832	2.65362
3.38896	2.63273
3.3996	2.61207
3.41096	2.59027
3.42231	2.56872
3.43367	2.54741
3.44502	2.52634
3.45638	2.50551
3.46773	2.48492
3.47909	2.46456
3.49044	2.44443
3.5018	2.42452
3.51315	2.40484
3.52451	2.38538
3.53586	2.36614
3.54722	2.34711
3.55857	2.32829
3.56993	2.30967
3.58128	2.29127
3.59264	2.27306
3.60399	2.25505
3.61535	2.23724
3.6267	2.21962
3.6267	2.21962
3.63881	2.20103
3.65093	2.18266
3.66304	2.16449
3.67515	2.14653
3.68727	2.12878
3.69938	2.11123
3.71149	2.09388
3.72361	2.07672
3.73572	2.05976
3.74783	2.04298
3.75995	2.0264
3.77206	2.01
3.78417	1.99379
3.79629	1.97775
3.8084	1.96189
3.82051	1.94621
3.83263	1.93069
3.84474	1.91535
3.85685	1.90017
3.86897	1.88516
3.86897	1.88516
3.88189	1.86931
3.89481	1.85366
3.90773	1.83817
3.92066	1.82287
3.93358	1.80774
3.9465	1.79278
3.95942	1.77798
3.97235	1.76336
3.98527	1.7489
3.99819	1.7346
4.01111	1.72046
4.02404	1.70648
4.03696	1.69266
4.04988	1.67898
4.0628	1.66546
4.07573	1.65209
4.08865	1.63886
4.10157	1.62577
4.11449	1.61283
4.12742	1.60003
4.12742	1.60003
4.1412	1.58652
4.15499	1.57316
4.16877	1.55996
4.18256	1.54691
4.19635	1.53401
4.21013	1.52125
4.22392	1.50864
4.2377	1.49617
4.25149	1.48384
4.26527	1.47165
4.27906	1.45959
4.29285	1.44768
4.30663	1.43589
4.32042	1.42424
4.3342	1.41272
4.34799	1.40133
4.36178	1.39006
4.37556	1.37892
4.38935	1.3679
4.40313	1.357
4.40313	1.357
4.41784	1.34551
4.43255	1.33415
4.44725	1.32292
4.46196	1.31182
4.47667	1.30085
4.49137	1.29001
4.50608	1.2793
4.52079	1.26871
4.53549	1.25824
4.5502	1.24789
4.56491	1.23767
4.57961	1.22756
4.59432	1.21757
4.60903	1.20769
4.62373	1.19793
4.63844	1.18827
4.65315	1.17873
4.66785	1.1693
4.68256	1.15997
4.69727	1.15075
4.71295	1.14103
4.72864	1.13142
4.74433	1.12193
4.76002	1.11255
4.77571	1.10328
4.7914	1.09412
4.80709	1.08507
4.82278	1.07613
4.83847	1.06729
4.85416	1.05856
4.86985	1.04992
4.88553	1.04138
4.90122	1.03295
4.91691	1.02461
4.9326	1.01636
4.94829	1.00821
4.96398	1.00014
4.97967	0.992169
4.99536	0.984283
5.01105	0.976484
5.02778	0.968256
5.04452	0.960125
5.06126	0.952088
5.078	0.944144
5.09473	0.936295
5.11147	0.928538
5.12821	0.920872
5.14494	0.913298
5.16168	0.905815
5.17842	0.898421
5.19516	0.891117
5.21189	0.883901
5.22863	0.876773
5.24537	0.869731
5.2621	0.862777
5.27884	0.855908
5.29558	0.849123
5.31231	0.842424
5.32905	0.835807
5.34579	0.829274
5.36364	0.822394
5.3815	0.815604
5.39935	0.808897
5.41721	0.80227
5.43506	0.795717
5.45292	0.789235
5.47078	0.782819
5.48863	0.776463
5.50649	0.770163
5.52434	0.763915
5.5422	0.757714
5.56005	0.751554
5.57791	0.745433
5.59576	0.739343
5.61362	0.733282
5.63147	0.727245
5.64933	0.721226
5.66718	0.715221
5.68504	0.709225
5.70289	0.703234